22 305
1 6 2 5 1
1 7 1 8 0
1 9 1 10 0
1 11 1 12 0
1 13 3 14 0
1 15 1 16 0
1 18 1 17 0
1 21 1 22 0
2 2 1 7 0
2 9 3 6 1
2 19 2 8 1
2 22 1 15 0
2 3 1 14 0
2 20 2 21 0
2 18 1 13 0
3 17 1 22 0
3 15 3 20 1
3 9 2 4 0
3 3 2 18 0
3 2 4 19 2
3 10 2 11 0
3 13 4 16 3
3 12 2 6 1
4 15 2 8 0
4 9 2 14 1
4 20 2 17 0
4 18 2 5 1
4 22 2 13 0
4 6 1 10 0
4 19 1 1 0
5 22 2 3 1
5 9 1 18 0
5 7 1 19 0
5 20 3 13 0
5 2 2 15 0
5 11 1 6 0
5 10 1 4 0
5 21 1 1 0
6 17 1 2 0
6 1 1 15 0
6 7 1 21 0
6 4 2 6 0
6 20 3 3 0
6 5 1 22 0
7 1 2 17 1
7 13 2 2 0
7 9 1 22 0
7 18 1 10 0
7 21 2 19 0
8 17 3 7 1
8 20 3 9 0
8 15 1 19 0
8 5 1 8 0
8 12 3 22 1
8 2 4 3 1
8 21 2 11 0
8 1 1 13 0
9 17 3 19 0
9 9 2 8 1
9 20 2 12 1
9 10 2 22 0
9 16 1 6 0
9 5 2 2 1
10 20 2 10 0
10 7 3 3 2
10 12 3 8 1
10 15 2 11 0
10 21 2 17 0
10 18 2 14 0
10 6 1 22 0
10 9 4 2 2
11 20 1 6 0
11 16 1 14 0
11 19 1 3 0
11 17 2 15 1
11 12 2 2 1
11 1 3 9 1
12 22 4 14 1
12 19 1 5 0
12 10 2 2 0
12 20 3 4 0
12 21 2 3 0
12 16 2 18 0
12 7 3 9 1
12 12 2 1 1
12 6 2 8 1
13 5 2 21 1
13 20 3 14 0
13 7 3 12 1
13 4 3 8 0
13 13 2 17 1
13 18 2 22 0
13 10 1 1 0
13 6 1 2 0
13 3 1 15 0
13 9 1 19 0
15 14 1 8 0
15 4 1 2 0
15 5 1 15 0
15 6 4 1 1
15 13 2 11 1
16 12 4 21 1
16 16 3 20 0
16 11 1 22 0
16 9 4 15 0
16 3 1 13 0
16 5 1 17 0
17 16 1 8 0
17 6 2 19 0
17 21 1 10 0
17 22 2 20 0
17 1 2 14 0
18 21 2 6 1
18 14 1 7 0
18 22 1 8 0
18 15 2 10 0
18 5 3 3 0
18 16 3 2 1
18 12 2 17 1
18 18 1 1 0
18 9 3 13 0
19 21 6 4 0
19 1 3 16 1
19 15 3 6 0
19 3 1 9 0
19 5 2 11 0
19 13 2 12 1
19 20 3 8 0
19 2 1 22 0
20 21 1 14 0
20 15 2 4 1
20 6 2 17 0
20 10 1 13 0
20 16 2 7 0
20 20 3 2 0
20 19 1 18 0
20 22 2 1 0
21 17 1 4 0
21 13 3 6 1
21 2 1 8 0
21 5 2 12 0
21 9 4 11 0
22 14 1 17 0
22 3 3 6 2
22 8 3 1 2
22 20 4 7 2
22 5 1 10 0
22 18 3 15 2
23 12 2 11 0
23 2 3 1 0
23 16 2 15 1
23 18 2 17 1
23 20 2 19 1
23 22 2 21 1
23 14 4 13 1
23 5 2 6 1
23 7 3 8 0
25 3 2 14 1
25 12 2 10 1
25 9 2 6 1
25 11 1 1 0
25 13 1 18 0
25 2 1 7 0
25 19 2 8 1
25 22 1 15 0
25 20 1 21 0
26 6 2 12 0
26 2 2 19 1
26 4 2 9 1
26 10 2 11 0
26 13 4 16 3
26 17 1 22 0
26 15 2 20 0
27 11 2 7 0
27 3 3 16 0
27 17 1 20 0
27 18 3 5 1
27 9 3 14 0
27 2 1 21 0
27 13 3 22 0
28 4 2 10 1
28 7 2 19 1
28 14 1 12 0
28 8 2 17 1
28 2 4 15 0
28 16 2 5 1
28 20 2 13 1
29 22 1 5 0
29 11 3 19 0
30 10 2 18 1
30 8 1 3 0
30 12 2 16 1
30 17 1 1 0
31 6 1 18 0
31 14 3 4 1
31 15 3 19 1
31 3 3 2 0
31 11 1 21 0
31 12 1 22 0
31 10 1 16 0
31 9 5 20 3
31 13 2 1 0
31 17 1 7 0
32 22 3 10 0
32 21 2 15 1
32 4 1 18 0
32 14 4 11 0
32 9 2 8 1
32 17 3 19 1
32 1 3 3 1
32 7 3 13 1
32 2 2 5 0
33 5 3 1 0
33 12 3 8 2
33 17 3 21 1
33 4 3 16 0
33 7 1 3 0
33 20 2 10 0
33 11 1 15 0
33 9 2 2 0
34 22 2 4 0
34 18 3 11 0
34 12 3 2 1
34 8 1 10 0
34 20 2 6 1
34 21 1 13 0
35 21 1 19 0
35 6 2 8 1
35 13 1 15 0
35 4 2 20 1
35 11 2 17 0
35 3 2 21 0
36 4 2 8 0
36 7 2 12 0
36 22 2 18 0
36 20 3 14 0
36 1 3 10 1
36 2 1 6 0
36 15 1 3 0
36 21 3 5 1
37 9 3 21 1
37 14 3 8 0
37 7 1 10 0
37 4 1 2 0
37 22 2 16 1
37 12 2 19 1
37 17 2 3 0
37 5 3 15 2
38 18 2 8 0
38 14 1 2 0
38 21 1 12 0
38 20 4 16 0
38 1 2 4 1
38 6 2 7 0
38 17 1 5 0
38 13 2 3 0
38 15 4 9 2
39 19 2 6 0
39 16 2 8 0
39 5 2 13 0
39 9 3 17 1
39 12 1 15 0
39 4 3 7 0
39 18 1 2 0
39 22 3 20 0
39 14 1 1 0
39 10 2 21 0
40 19 1 4 0
40 18 2 1 1
40 15 1 10 0
40 6 3 21 1
40 9 1 13 0
41 22 3 2 1
41 16 3 1 2
41 5 2 11 1
41 14 3 19 0
41 3 1 9 0
41 12 3 13 0
41 4 1 21 0
41 20 4 8 2
42 22 2 11 1
43 19 2 18 0
43 3 1 12 0
43 5 2 9 1
43 17 2 6 0
43 10 2 13 0
43 15 1 4 0
43 11 2 8 0
44 11 4 9 1
44 13 2 6 1
44 16 1 19 0
44 2 3 8 1
44 20 2 1 1
44 22 1 7 0
44 5 2 12 1
44 18 1 21 0
45 1 3 8 2
45 2 1 11 0
45 9 1 12 0
45 13 2 4 0
45 21 2 16 1
45 3 1 6 0
45 17 3 14 1
45 22 1 19 0
45 18 1 15 0
