1 1500
2 1486.49658
3 1473.08318
4 1459.75861
5 1446.5217
6 1433.37131
7 1420.30632
8 1407.32561
9 1394.42812
10 1381.61277
11 1368.87854
12 1356.22439
13 1343.64934
14 1331.15239
15 1318.73258
16 1306.38896
17 1294.12061
18 1281.92662
19 1269.80608
20 1257.75812
21 1245.78188
22 1233.8765
23 1222.04115
24 1210.27502
25 1198.57729
26 1186.94718
27 1175.38391
28 1163.88671
29 1152.45484
30 1141.08756
31 1129.78414
32 1118.54386
33 1107.36603
34 1096.24996
35 1085.19497
36 1074.20038
37 1063.26555
38 1052.38982
39 1041.57257
40 1030.81316
41 1020.11099
42 1009.46543
43 998.87591
44 988.34183
45 977.86262
46 967.4377
47 957.06652
48 946.74853
49 936.48317
50 926.26993
51 916.10827
52 905.99767
53 895.93762
54 885.92763
55 875.96718
56 866.05581
57 856.19302
58 846.37834
59 836.61131
60 826.89146
61 817.21833
62 807.5915
63 798.0105
64 788.47491
65 778.9843
66 769.53825
67 760.13634
68 750.77816
69 741.4633
70 732.19137
71 722.96197
72 713.77471
73 704.62922
74 695.5251
75 686.462
76 677.43954
77 668.45735
78 659.51509
79 650.61239
80 641.74892
81 632.92432
82 624.13825
83 615.39039
84 606.68039
85 598.00794
86 589.3727
87 580.77437
88 572.21263
89 563.68717
90 555.19768
91 546.74386
92 538.32541
93 529.94204
94 521.59346
95 513.27937
96 504.99949
97 496.75356
98 488.54127
99 480.36237
100 472.21659
101 464.10365
102 456.02329
103 447.97525
104 439.95928
105 431.97512
106 424.02251
107 416.10122
108 408.21099
109 400.35157
110 392.52275
111 384.72426
112 376.95589
113 369.21739
114 361.50854
115 353.82912
116 346.17889
117 338.55765
118 330.96516
119 323.40121
120 315.8656
121 308.3581
122 300.87851
123 293.42663
124 286.00224
125 278.60515
126 271.23515
127 263.89205
128 256.57566
129 249.28577
130 242.0222
131 234.78475
132 227.57325
133 220.38751
134 213.22733
135 206.09255
136 198.98297
137 191.89843
138 184.83875
139 177.80376
140 170.79327
141 163.80713
142 156.84516
143 149.9072
144 142.99308
145 136.10263
146 129.23571
147 122.39214
148 115.57177
149 108.77444
150 102