1 1500
2 1462.06395
3 1424.88663
4 1388.43828
5 1352.69086
6 1317.61792
7 1283.19448
8 1249.39692
9 1216.20289
10 1183.59121
11 1151.5418
12 1120.0356
13 1089.0545
14 1058.58129
15 1028.59958
16 999.09378
17 970.049
18 941.45106
19 913.28643
20 885.54216
21 858.2059
22 831.26582
23 804.71059
24 778.52939
25 752.7118
26 727.24789
27 702.12808
28 677.3432
29 652.88444
30 628.74333
31 604.91172
32 581.38177
33 558.14595
34 535.19699
35 512.52789
36 490.13192
37 468.00256
38 446.13355
39 424.51884
40 403.15256
41 382.02909
42 361.14296
43 340.48889
44 320.06179
45 299.85673
46 279.86893
47 260.09376
48 240.52675
49 221.16356
50 202