1 1500
2 1459.14129
3 1419.09976
4 1379.84337
5 1341.34191
6 1303.5669
7 1266.49142
8 1230.09004
9 1194.33869
10 1159.21455
11 1124.69601
12 1090.76252
13 1057.39459
14 1024.57367
15 992.28213
16 960.50315
17 929.22071
18 898.41955
19 868.08507
20 838.20334
21 808.76105
22 779.74546
23 751.14438
24 722.94613
25 695.13952
26 667.71382
27 640.65874
28 613.9644
29 587.6213
30 561.62031
31 535.95268
32 510.60994
33 485.584
34 460.86701
35 436.45145
36 412.33006
37 388.49582
38 364.94199
39 341.66204
40 318.64968
41 295.89881
42 273.40358
43 251.15829
44 229.15746
45 207.39577
46 185.86807
47 164.56939
48 143.49491
49 122.63996
50 102