1 1500
2 1495.96106
3 1491.9302
4 1487.90738
5 1483.89258
6 1479.88576
7 1475.88689
8 1471.89594
9 1467.91287
10 1463.93766
11 1459.97028
12 1456.01069
13 1452.05887
14 1448.11477
15 1444.17839
16 1440.24967
17 1436.3286
18 1432.41514
19 1428.50927
20 1424.61095
21 1420.72016
22 1416.83687
23 1412.96104
24 1409.09265
25 1405.23167
26 1401.37808
27 1397.53184
28 1393.69292
29 1389.86131
30 1386.03696
31 1382.21986
32 1378.40997
33 1374.60727
34 1370.81174
35 1367.02333
36 1363.24204
37 1359.46783
38 1355.70067
39 1351.94054
40 1348.18741
41 1344.44125
42 1340.70205
43 1336.96977
44 1333.24439
45 1329.52589
46 1325.81423
47 1322.1094
48 1318.41136
49 1314.72009
50 1311.03558
51 1307.35779
52 1303.68669
53 1300.02228
54 1296.36451
55 1292.71337
56 1289.06883
57 1285.43087
58 1281.79946
59 1278.17459
60 1274.55622
61 1270.94434
62 1267.33892
63 1263.73993
64 1260.14737
65 1256.56119
66 1252.98139
67 1249.40793
68 1245.8408
69 1242.27997
70 1238.72541
71 1235.17712
72 1231.63507
73 1228.09922
74 1224.56957
75 1221.04609
76 1217.52876
77 1214.01756
78 1210.51247
79 1207.01345
80 1203.52051
81 1200.0336
82 1196.55272
83 1193.07784
84 1189.60895
85 1186.14601
86 1182.68901
87 1179.23793
88 1175.79275
89 1172.35345
90 1168.92001
91 1165.49241
92 1162.07062
93 1158.65464
94 1155.24444
95 1151.83999
96 1148.44129
97 1145.04831
98 1141.66103
99 1138.27944
100 1134.90351
101 1131.53322
102 1128.16857
103 1124.80952
104 1121.45605
105 1118.10816
106 1114.76583
107 1111.42902
108 1108.09773
109 1104.77194
110 1101.45163
111 1098.13677
112 1094.82736
113 1091.52338
114 1088.2248
115 1084.93162
116 1081.6438
117 1078.36134
118 1075.08422
119 1071.81242
120 1068.54592
121 1065.28471
122 1062.02876
123 1058.77807
124 1055.53261
125 1052.29237
126 1049.05733
127 1045.82747
128 1042.60278
129 1039.38324
130 1036.16884
131 1032.95956
132 1029.75538
133 1026.55628
134 1023.36226
135 1020.17328
136 1016.98935
137 1013.81044
138 1010.63653
139 1007.46762
140 1004.30368
141 1001.14469
142 997.99066
143 994.84155
144 991.69735
145 988.55805
146 985.42363
147 982.29408
148 979.16939
149 976.04953
150 972.93449
151 969.82425
152 966.71882
153 963.61815
154 960.52225
155 957.4311
156 954.34469
157 951.26299
158 948.186
159 945.11369
160 942.04607
161 938.98311
162 935.92479
163 932.87111
164 929.82204
165 926.77759
166 923.73772
167 920.70244
168 917.67172
169 914.64554
170 911.62391
171 908.6068
172 905.5942
173 902.58609
174 899.58247
175 896.58332
176 893.58862
177 890.59837
178 887.61255
179 884.63114
180 881.65414
181 878.68153
182 875.7133
183 872.74943
184 869.78991
185 866.83474
186 863.88389
187 860.93735
188 857.99512
189 855.05717
190 852.12351
191 849.1941
192 846.26895
193 843.34804
194 840.43135
195 837.51888
196 834.61061
197 831.70653
198 828.80663
199 825.9109
200 823.01932
201 820.13188
202 817.24858
203 814.36939
204 811.49431
205 808.62333
206 805.75643
207 802.89361
208 800.03484
209 797.18012
210 794.32944
211 791.48279
212 788.64015
213 785.80152
214 782.96688
215 780.13622
216 777.30953
217 774.48679
218 771.66801
219 768.85316
220 766.04224
221 763.23524
222 760.43214
223 757.63293
224 754.8376
225 752.04615
226 749.25855
227 746.47481
228 743.69491
229 740.91883
230 738.14658
231 735.37813
232 732.61348
233 729.85261
234 727.09553
235 724.34221
236 721.59264
237 718.84683
238 716.10474
239 713.36639
240 710.63175
241 707.90081
242 705.17357
243 702.45002
244 699.73014
245 697.01393
246 694.30137
247 691.59246
248 688.88718
249 686.18553
250 683.4875
251 680.79308
252 678.10225
253 675.41501
254 672.73135
255 670.05125
256 667.37472
257 664.70173
258 662.03229
259 659.36638
260 656.70399
261 654.04511
262 651.38973
263 648.73785
264 646.08945
265 643.44453
266 640.80308
267 638.16508
268 635.53053
269 632.89942
270 630.27174
271 627.64748
272 625.02664
273 622.40919
274 619.79515
275 617.18449
276 614.5772
277 611.97329
278 609.37273
279 606.77553
280 604.18167
281 601.59114
282 599.00394
283 596.42005
284 593.83948
285 591.2622
286 588.68822
287 586.11751
288 583.55009
289 580.98593
290 578.42502
291 575.86737
292 573.31296
293 570.76178
294 568.21383
295 565.6691
296 563.12757
297 560.58925
298 558.05411
299 555.52217
300 552.99339
301 550.46779
302 547.94535
303 545.42606
304 542.90992
305 540.39692
306 537.88704
307 535.38029
308 532.87665
309 530.37611
310 527.87868
311 525.38433
312 522.89307
313 520.40489
314 517.91977
315 515.43771
316 512.95871
317 510.48275
318 508.00983
319 505.53994
320 503.07307
321 500.60922
322 498.14838
323 495.69054
324 493.23569
325 490.78383
326 488.33495
327 485.88904
328 483.44609
329 481.0061
330 478.56906
331 476.13497
332 473.70381
333 471.27558
334 468.85028
335 466.42788
336 464.0084
337 461.59182
338 459.17813
339 456.76733
340 454.35941
341 451.95436
342 449.55218
343 447.15285
344 444.75639
345 442.36276
346 439.97198
347 437.58403
348 435.19891
349 432.8166
350 430.43711
351 428.06042
352 425.68653
353 423.31544
354 420.94713
355 418.5816
356 416.21885
357 413.85886
358 411.50163
359 409.14716
360 406.79543
361 404.44644
362 402.10019
363 399.75667
364 397.41587
365 395.07778
366 392.7424
367 390.40973
368 388.07975
369 385.75247
370 383.42786
371 381.10594
372 378.78669
373 376.4701
374 374.15617
375 371.8449
376 369.53628
377 367.23029
378 364.92694
379 362.62622
380 360.32813
381 358.03265
382 355.73978
383 353.44952
384 351.16186
385 348.87679
386 346.59431
387 344.31441
388 342.03709
389 339.76234
390 337.49015
391 335.22052
392 332.95345
393 330.68892
394 328.42693
395 326.16748
396 323.91056
397 321.65616
398 319.40429
399 317.15492
400 314.90807
401 312.66371
402 310.42185
403 308.18249
404 305.9456
405 303.7112
406 301.47928
407 299.24982
408 297.02282
409 294.79829
410 292.5762
411 290.35657
412 288.13937
413 285.92461
414 283.71229
415 281.50238
416 279.2949
417 277.08984
418 274.88718
419 272.68693
420 270.48908
421 268.29362
422 266.10055
423 263.90987
424 261.72156
425 259.53563
426 257.35206
427 255.17086
428 252.99202
429 250.81553
430 248.64138
431 246.46958
432 244.30012
433 242.13299
434 239.96819
435 237.80571
436 235.64555
437 233.4877
438 231.33216
439 229.17893
440 227.02799
441 224.87934
442 222.73298
443 220.58891
444 218.44711
445 216.30759
446 214.17034
447 212.03535
448 209.90262
449 207.77214
450 205.64391
451 203.51793
452 201.39419
453 199.27269
454 197.15341
455 195.03636
456 192.92154
457 190.80893
458 188.69853
459 186.59034
460 184.48435
461 182.38056
462 180.27897
463 178.17956
464 176.08234
465 173.9873
466 171.89443
467 169.80373
468 167.7152
469 165.62884
470 163.54463
471 161.46257
472 159.38267
473 157.3049
474 155.22928
475 153.15579
476 151.08444
477 149.0152
478 146.9481
479 144.88311
480 142.82023
481 140.75946
482 138.7008
483 136.64424
484 134.58978
485 132.5374
486 130.48712
487 128.43892
488 126.39279
489 124.34875
490 122.30677
491 120.26686
492 118.22902
493 116.19323
494 114.15949
495 112.12781
496 110.09817
497 108.07058
498 106.04502
499 104.02149
500 102