1 1500
2 1474.81749
3 1449.97075
4 1425.45094
5 1401.24957
6 1377.35849
7 1353.76982
8 1330.47601
9 1307.46978
10 1284.74411
11 1262.29225
12 1240.10767
13 1218.18408
14 1196.51542
15 1175.09583
16 1153.91964
17 1132.98138
18 1112.27577
19 1091.7977
20 1071.54221
21 1051.50453
22 1031.68001
23 1012.06417
24 992.65266
25 973.44127
26 954.42592
27 935.60263
28 916.96759
29 898.51705
30 880.24739
31 862.15511
32 844.2368
33 826.48913
34 808.9089
35 791.49297
36 774.23829
37 757.14192
38 740.20097
39 723.41264
40 706.7742
41 690.28301
42 673.93647
43 657.73209
44 641.66739
45 625.74
46 609.94758
47 594.28788
48 578.75867
49 563.35781
50 548.08318
51 532.93273
52 517.90447
53 502.99643
54 488.20671
55 473.53345
56 458.97482
57 444.52904
58 430.19439
59 415.96916
60 401.8517
61 387.84039
62 373.93364
63 360.1299
64 346.42766
65 332.82543
66 319.32177
67 305.91527
68 292.60452
69 279.38817
70 266.2649
71 253.2334
72 240.29239
73 227.44063
74 214.6769
75 202