200.0 400.0 20 20 500 50
1537.50034072 1508.34751368 1478.71421699 1522.31685366 1507.2609164 1452.23175737 1486.75472819 1476.90047026 1458.90093266 1547.99877155 1481.46214994 1501.5878983 1531.88344954 1495.65443332 1529.10783899 1510.35640697 1491.81773249 1516.125141 1468.6873697 1482.71519642 77.9516465648 135.998365208 127.04994168 132.157135015 129.269688425 152.947801909 120.447119653 197.44109505 100.151718783 125.718047199 162.197056183 160.460835824 171.524286845 56.164348953 107.092442255 85.7288162934 96.9204595939 79.8103584611 150.884374514 188.239674887
1485.18003737 1500.8663119 1450.6740128 1537.71493631 1505.60418268 1492.14709228 1484.71441034 1502.99164289 1536.45900567 1486.97885354 1519.1208823 1493.80215952 1543.25638423 1466.14455518 1547.87276482 1529.41697473 1490.08530446 1506.39227909 1539.63128745 1473.95012942 147.598707432 87.2627637316 74.4150016171 191.796311815 91.7896652439 164.635792315 55.1131659811 85.4992507628 188.515367886 83.9820537148 55.2708255565 177.462522083 76.2300887123 145.797439889 90.6467598482 148.433833769 124.42028419 60.882523483 192.684705081 171.992651689
1461.18909523 1515.53964254 1547.16487073 1533.76312316 1521.959601 1490.6550414 1539.40438017 1461.68804672 1488.07512831 1466.37571807 1461.42556833 1519.69780618 1455.40235778 1458.28645465 1475.77809754 1453.73700131 1476.81739227 1521.26173849 1504.28125106 1455.45192395 60.3333537808 71.3719414205 95.7045942382 69.3179639797 123.607597851 174.305065715 168.796664405 193.971178137 80.1618031607 110.848215618 92.4864218204 63.0224873516 113.288748703 64.7929853961 98.8755123683 65.6890771632 81.234661493 119.671111048 128.207434703 103.905469476
1489.14712396 1486.68143565 1454.75692239 1532.45889949 1517.51051745 1461.71020188 1475.98178915 1473.45750044 1530.88214767 1483.94057834 1508.71469076 1494.35417047 1466.90322786 1492.04527859 1490.90803678 1500.9523956 1468.94604659 1534.49926482 1514.62860976 1488.59023728 122.116955292 171.947464007 166.126527878 158.573608603 132.433237165 154.622631191 123.057725257 139.579428881 159.850658587 134.193534442 181.79059728 195.249016586 118.901754512 73.3701875494 88.4347966291 86.8644246105 58.07764333 185.257696526 147.182906901 144.651045801
1500.38692041 1541.16703634 1465.28185961 1475.04578504 1450.34087609 1531.85037192 1477.87724107 1470.79037061 1526.56242509 1530.26976548 1470.92207511 1527.96842258 1515.25368598 1461.32714122 1492.05396517 1505.00682853 1461.04058695 1495.36982008 1547.68650116 1488.62811063 71.3605410842 132.059110905 150.42286863 162.833436143 190.642957611 84.2769189392 63.1503846601 116.318719695 92.8859362492 128.477172183 184.770552407 162.180614404 150.510959851 146.77571663 91.9773744943 125.48597046 182.671278766 83.5855862206 53.3612536343 122.527438298
1463.46798641 1455.53425946 1501.91251833 1534.39714374 1487.42600162 1479.01718051 1537.99053969 1537.0685506 1501.49644032 1477.88992107 1469.89345025 1498.77006676 1451.08549229 1505.94323339 1480.00464702 1488.63546267 1512.12317591 1455.86269694 1546.17477118 1468.90993367 75.9352150752 115.927044627 72.5484603021 59.0156812301 62.5511890884 121.584764965 114.136778958 92.6209305934 87.4946434591 77.0663383243 88.0146487481 85.2791575628 62.8002813598 150.450971922 137.351416032 154.243191607 148.942324607 163.273431395 95.8119392616 193.002947928
1457.17811318 1514.96150668 1541.30258171 1454.9081131 1488.93323343 1535.70252894 1506.583701 1479.06221759 1462.89462337 1474.44693564 1473.96573322 1458.82328157 1513.70470498 1543.57116121 1509.34027015 1503.71022077 1467.65629322 1516.17207756 1499.93683215 1516.74216616 199.809593431 149.488972013 192.894834437 129.28712317 55.2170401382 84.0716771752 55.2320660447 52.8905743043 119.186375106 88.966300548 178.926634808 82.7889998387 132.433365337 91.7792625631 131.858453233 106.320980539 143.203725392 175.413180125 190.35912302 157.161992737
1543.80180078 1488.69896375 1472.56833878 1493.47807843 1491.78887433 1500.26185766 1458.42842517 1537.21081586 1514.41063652 1497.04516709 1510.72697411 1516.86702311 1514.10481441 1529.09816054 1540.08029194 1521.98472277 1510.76935192 1503.77715033 1473.61569539 1492.87052129 112.171631654 50.5406767559 104.724558077 187.919469238 199.27619537 188.804104143 194.808255408 148.669707414 196.883862933 197.249448413 114.260919811 158.859855497 90.4560974542 67.6131703231 71.9476675359 167.516305438 156.881266737 120.646140282 83.3731043139 76.1644764439
1466.58616047 1455.1683199 1546.37691604 1461.31700821 1460.06350159 1486.2695447 1492.50008245 1464.75059484 1503.79441531 1546.7353733 1546.76790593 1502.18872364 1526.58804668 1458.51412781 1464.9834796 1527.59436298 1512.02552149 1513.88078191 1549.27378792 1525.15487146 79.7391939286 171.556274216 71.1446435613 174.119317988 109.865604934 100.70227164 166.815572904 180.150373401 150.833555894 184.529359379 71.7747420597 99.192431764 127.125370671 51.1792463367 60.595095792 183.961075523 55.6586570804 109.824705176 126.269643618 170.262868197
1522.90099614 1508.05656041 1493.5306587 1450.5956112 1547.78227534 1471.56618982 1487.52676534 1471.38482333 1523.19572728 1532.58271043 1505.83161205 1548.77125641 1455.28716525 1528.47836879 1492.33682842 1534.52456867 1500.62089876 1489.07195634 1528.75662023 1502.23366145 193.237085376 70.3570419469 123.693090704 58.1507062719 195.062459925 121.895752238 110.528192296 119.860088439 58.8228890965 87.7184894802 177.559124534 50.2345980703 112.945340008 143.979740248 122.020080765 132.092365502 104.451493269 131.578299925 192.100145983 196.263569344
1462.70317437 1472.36368889 1526.07900217 1522.2324622 1494.75870635 1490.75489443 1547.32384393 1508.60428021 1500.80281053 1521.97298859 1462.6757098 1544.10168401 1466.38824573 1547.33861239 1469.76509055 1528.19070868 1531.62849929 1472.12415077 1459.71607573 1549.48126147 131.861161184 150.155542997 72.1021841152 139.802159681 146.81569493 148.021602609 97.4071447693 59.9276454618 70.0867232748 155.810003288 157.51008263 101.545218489 64.9699795515 165.924967694 122.319861388 150.698815972 142.775174392 197.445415135 62.5111970953 66.3300408443
1473.21767993 1488.74890418 1481.5033201 1470.44444381 1493.43896872 1505.47038007 1492.66517835 1549.22488145 1511.2424792 1538.11957103 1530.27667395 1520.29092565 1496.13947686 1454.21993604 1519.96826051 1495.89064702 1532.66686377 1476.31386547 1530.47783477 1501.90093983 84.1690205541 83.7605898186 118.62653678 158.591613117 142.905463129 175.151403887 111.882735243 169.717759931 180.87930525 106.187761566 54.4264933501 63.2474559402 116.168587973 71.5628971549 141.258604304 187.364054564 179.965135237 59.4387277377 149.116184509 62.2147008442
1482.1581793 1484.24225125 1474.85469379 1540.76929416 1520.36078484 1511.69981485 1531.49226053 1522.42454008 1461.71020015 1505.94752685 1481.85730765 1494.81439548 1463.80360563 1536.10725015 1511.06385552 1506.4054474 1472.98611983 1513.55617534 1485.47259036 1451.66007682 119.679677942 158.591507747 132.280013371 75.433572926 168.524502419 131.702381003 112.961175787 181.008191265 97.2595875292 131.73440764 79.3732613972 141.96798463 182.947508892 185.808544775 138.197317994 161.112010593 192.757112028 159.512892481 180.559366095 149.222124006
1527.14546505 1512.63000213 1470.58540581 1462.18995347 1491.40627532 1512.78242552 1488.29003487 1549.14951631 1466.38112614 1506.85188141 1495.57554058 1455.83467428 1456.10470885 1524.97453926 1492.04516401 1518.00757774 1515.46889146 1505.11949849 1489.36040022 1546.84670266 108.275878347 82.0161610264 122.908742648 121.164211868 99.9506057364 168.560983127 184.776017155 123.850366682 163.072598142 117.302434386 95.738160973 187.719076174 114.823996449 161.240194252 119.338501698 152.889880325 60.9889945049 190.137599349 53.1961468301 71.4866464855
1543.86929129 1505.54678074 1529.97869411 1475.30894806 1531.29933171 1480.86841368 1494.43635334 1537.00849362 1509.08061827 1514.03812638 1492.81350894 1529.73126098 1540.14820811 1495.01769999 1498.72633111 1530.49952422 1529.10472123 1468.41896437 1490.75801863 1509.15928957 171.342952166 176.667437796 173.362379131 57.3237318805 87.7229795963 144.675655479 140.400635022 94.4293734951 70.6828221701 88.2917641278 185.451851347 80.1219941069 50.9807374076 100.435563255 59.5011529384 182.613708178 50.8407186538 137.459698527 171.367534333 190.122577284
1465.91652205 1479.53742903 1477.15434753 1517.74820685 1548.94724567 1450.37255011 1535.06837017 1464.33858836 1547.49919893 1499.17230347 1533.61844626 1507.50036139 1545.04843975 1517.69307526 1535.4816702 1463.94625756 1517.32919886 1492.47358138 1475.04284858 1546.73488162 164.577924602 89.6887739643 120.372909974 172.76958346 109.566162022 81.4214575872 60.0195775203 173.195526955 83.473799412 121.545444109 126.576519409 162.074128166 84.7997606879 156.541448285 199.631014325 174.545853504 106.985312238 180.152675236 140.20910408 144.018748956
1478.8064474 1495.89846514 1477.82506568 1474.06842899 1503.76509698 1533.06733301 1480.58312046 1507.38066304 1484.33274297 1475.29777486 1475.26508535 1543.97286699 1494.20333572 1451.19860624 1533.31073873 1539.17052008 1526.54238153 1464.01627568 1546.63287254 1532.06502108 101.745727534 105.649354278 148.619130933 198.753637495 114.922177972 146.289278704 54.3094410425 128.728480277 78.5244899192 87.2454942989 76.5201255206 114.072849701 137.732893823 158.106969878 174.234404361 170.095789105 186.594005188 100.03380525 69.4469538106 87.1015086766
1522.67602654 1507.47989801 1514.55212612 1516.2272945 1485.47937953 1496.82776606 1538.54357035 1518.25762329 1468.19218117 1478.51874846 1498.49202495 1461.85178721 1519.43974437 1472.19292438 1492.55868381 1450.75756565 1512.39015651 1504.8793641 1489.65483763 1510.51319194 92.9848339268 59.2638973298 170.053324269 147.611860252 132.829779277 116.0106784 115.834940712 141.518462663 68.5397240256 92.7473383893 71.1082509946 159.17631356 185.472125317 191.573662801 124.767357914 197.620308741 149.297964457 69.7815334355 62.2938846119 169.333722457
1540.54824529 1506.75768026 1452.59405437 1489.26177248 1495.56638128 1523.36201691 1471.04779966 1464.43472793 1546.68959824 1527.91364237 1514.02148704 1498.82155984 1528.0737695 1488.19323045 1536.64703286 1507.75409373 1501.85858953 1487.8095157 1525.89574622 1475.63081628 114.193731292 142.326874169 65.9296608826 105.669641328 76.689219594 91.991062533 136.95116761 103.391299761 156.606135385 60.3793309166 83.4804909257 183.300251932 77.9365849081 76.7838084589 113.664955305 123.443014219 82.3655262678 184.68463548 166.149968209 64.8449610451
1536.44797877 1509.0405241 1492.79106519 1499.69673779 1465.14669866 1545.80309365 1545.3003442 1542.38551325 1492.4977722 1526.38380507 1456.70083823 1539.03683362 1472.4504108 1457.93910804 1500.10429136 1475.85025738 1487.91093316 1526.10153041 1510.7753532 1456.32456822 196.364174012 67.9981605464 110.417548201 101.830979839 156.145116002 86.7427029754 101.915333152 57.0707869138 119.980824108 60.5814065229 99.409824722 195.105850489 81.3391948668 197.100416404 176.420889614 190.17335403 179.21318501 145.338257511 165.291037677 160.434771729
1534.94350566 1471.6128337 1510.55368677 1516.20167653 1459.5395721 1526.89669016 1535.49844246 1466.42580599 1474.35990785 1459.89407132 1487.8265894 1547.05134091 1548.73237139 1493.14691867 1501.256193 1508.73639618 1502.21854365 1540.25741886 1476.57625376 1490.26605881 198.353590922 66.0661258388 193.73206447 125.708157593 132.098842007 92.359627033 120.486364465 50.0232935583 160.369468021 91.2267805202 93.0872538938 131.524143385 80.5306287067 81.4495696137 118.419889823 51.2740438408 69.7426144807 64.090447221 171.494330088 89.031441483
1546.9808507 1509.12258371 1457.5217376 1520.00589888 1450.07518221 1524.05334198 1521.14281854 1547.65200028 1464.55213438 1489.05412976 1482.96385997 1494.37898125 1453.33284434 1509.30710703 1546.12172895 1545.25411137 1504.50841251 1531.3866555 1548.56796547 1526.53527919 155.08884803 132.734860622 181.196321094 185.164399275 198.37049217 178.707667262 147.96395833 90.5721732321 85.4956800427 190.570544495 124.265637191 145.68832331 114.908607684 111.150309207 80.1208676467 102.153577475 163.576232793 96.4914933519 118.253407944 117.794824009
1483.27350738 1514.01355267 1490.64547492 1481.19941318 1464.25397474 1486.87485944 1457.55581996 1490.0475776 1479.49344852 1531.8205914 1529.68724661 1482.69012357 1531.72130156 1456.0774416 1538.10088153 1485.5292412 1522.78991959 1468.99373773 1510.94621447 1478.6701202 133.148278329 98.9001505315 62.933886246 154.709209645 125.037893668 107.165227834 172.89274615 122.267583398 132.657559591 141.534521353 83.129534425 158.191669376 65.8254092633 90.4356763314 169.10706095 75.0494676135 139.722512596 196.888560426 57.6418036625 111.428609108
1523.77356336 1544.84979153 1529.28084105 1462.53000071 1484.08361923 1549.25033005 1453.15535605 1486.77519719 1500.78135499 1532.04333687 1451.48189412 1523.99642869 1492.1563759 1508.39892759 1479.9046747 1457.3175291 1456.08421645 1461.23286678 1491.29345064 1506.08782197 109.854303216 188.383254292 142.961144756 195.06487984 59.2970832469 70.6008135915 90.9102196805 136.234581494 123.946318944 192.208443982 122.027890772 127.67307343 101.615611898 88.5094597986 99.7999220421 105.429981956 73.2090093785 87.2140442578 53.6160523596 123.11408706
1496.60668935 1513.85335955 1537.93127085 1495.89118454 1514.32734005 1502.62032988 1498.16179623 1491.69509267 1541.8299144 1474.76418224 1544.46599367 1500.26229437 1533.87662885 1538.11295446 1478.60700745 1491.95095153 1547.4837878 1524.08510252 1542.40815005 1461.23459227 68.9404977971 105.967000095 57.8921006878 182.97068225 52.9137082218 166.763832679 181.07874673 119.365178945 193.531660194 195.520228687 114.415827542 57.7200733209 65.2234131336 162.865621531 73.2252360989 188.085072574 60.9300380152 168.286696842 173.513749814 185.658308713
1458.21901658 1544.43773545 1456.99774825 1518.31915656 1498.58070885 1476.78693277 1494.17351 1506.39959999 1457.74906406 1505.46753493 1457.6936074 1480.55274821 1475.94482159 1545.41337288 1458.35207528 1509.47836807 1490.93637269 1513.34664191 1481.79156938 1503.92294101 129.842304882 85.8340345352 128.585098257 56.7318734344 86.8318397842 151.408248097 97.7221351332 189.325674816 193.780758106 104.921914248 151.000679998 180.90472395 90.2424496795 186.570641632 108.103523012 87.7857989318 126.604849772 155.994928478 190.549178342 150.058313316
1484.73452628 1474.61899125 1524.80158525 1491.93037319 1470.36018772 1504.40682663 1493.87745693 1464.88658245 1480.61319284 1482.42812327 1489.7443192 1473.85252615 1470.86898281 1488.48242543 1490.01072933 1480.06024231 1501.21260434 1530.98981478 1474.6576873 1484.82212239 191.056656737 63.4144015224 185.873246914 162.504574682 72.1390062584 155.920744489 152.012491836 183.614548416 83.9310770296 152.398872883 185.65280431 174.622950645 146.139216411 132.467686456 114.025434281 174.282063156 139.378589421 133.001167562 118.928592103 152.915343387
1472.81453479 1466.27355774 1476.75311416 1484.1857713 1532.47998639 1492.25343222 1451.00145651 1527.86998694 1540.54333147 1508.21907511 1535.96597829 1461.5672815 1457.84855236 1546.86647341 1504.98675232 1492.35306588 1506.23060858 1473.61443179 1528.87078186 1535.75837937 129.420767339 112.417585788 100.668928582 64.9696864213 100.642283317 84.8281602198 181.485994423 189.114898869 59.5177681701 155.381159244 97.5084775843 78.6994531566 139.507252594 110.61715181 98.7550803185 156.797244808 187.407463927 174.609900149 94.7206052448 103.170341551
1466.97992048 1496.11037366 1545.61994674 1491.13619329 1488.92360961 1455.73565644 1457.83521275 1545.97949316 1525.57926279 1468.5842896 1508.28609481 1528.97084724 1508.99913565 1471.40776773 1450.55376562 1450.17759806 1535.10955649 1493.45810802 1534.79544318 1515.48558417 54.8400658147 67.2241109674 95.0375392546 147.540551189 115.563157808 77.7545602061 188.642526942 59.2613316668 164.572653247 111.98733291 157.47410202 128.999226738 184.858052286 164.236705211 137.877461134 128.616734753 122.730319529 175.901942705 92.3808986619 157.613625789
1543.0947297 1471.30863492 1455.79040021 1536.15716406 1481.45755327 1522.52308811 1539.19903345 1500.83258414 1457.54691076 1531.09913769 1477.36222725 1539.65159324 1487.31696637 1473.65254743 1451.15935603 1461.49620576 1507.61793957 1454.12925587 1500.77472363 1544.99451941 81.6488712206 101.59544074 131.670534986 112.980821253 154.84835632 64.1313233139 83.4911379942 166.290922432 198.100869229 70.0968362907 78.0582250397 98.2133459958 114.665766771 77.6541487556 105.067163519 143.684325542 154.0957801 59.8192279923 127.129083889 159.793247243
1513.54849883 1516.61568526 1517.01073244 1456.62219974 1466.91274163 1502.45961627 1515.87857227 1474.95983477 1517.65550564 1511.22792967 1465.71371497 1475.70009625 1548.57992008 1523.06030202 1519.12706495 1523.63837219 1503.02839398 1541.37158065 1475.89126412 1476.2834681 79.1938478213 140.418977171 88.3134726093 84.6743953946 149.700039516 56.0779354779 195.916382133 129.026642636 55.4796127559 88.4129216588 176.512845341 161.48587507 165.743878346 98.0160850668 163.971899093 108.011450217 131.834857993 73.5332119655 58.5794148801 169.98874821
1516.03515717 1493.04237614 1496.24604601 1478.42238868 1496.82954957 1474.56702181 1530.81628542 1502.10767357 1450.98142199 1548.58914805 1491.92200977 1458.47532478 1458.83696202 1478.73148105 1466.38187506 1458.33571356 1512.40627292 1492.55109185 1525.96595381 1539.40023655 117.709644575 196.843945243 188.981520682 152.933913968 181.727045768 150.187344379 139.197287716 100.073887905 186.545499403 175.643187639 57.7273191241 106.874294812 83.7176784928 104.739134354 165.014837621 51.7243731007 162.662570947 118.254048297 106.024185626 74.9453987032
1549.13220509 1507.3216649 1519.01312495 1497.09210148 1488.83698772 1480.2851239 1475.65427172 1494.87653426 1546.9890529 1542.46599418 1542.36267598 1471.71290801 1472.91703173 1504.31649452 1476.21362036 1549.28524115 1536.32149233 1487.84570763 1543.92122217 1512.18514281 199.013864835 107.369930062 73.7114428047 111.884769009 74.401413889 63.8985659052 105.145447455 56.4690043567 161.907167235 150.094971822 182.170689441 58.9537945396 107.259709207 68.8585952623 77.8605349266 190.073857196 61.4665143345 80.0139909507 122.854122452 186.462968861
1456.62075671 1508.69653327 1463.69663971 1532.67983301 1454.17579502 1488.56540287 1464.61508156 1541.35558017 1498.71372991 1524.49732803 1460.17422035 1455.20542767 1543.68277425 1485.51438624 1503.45195404 1506.75764124 1488.73488793 1543.1601453 1549.06859154 1498.51879789 82.6275830185 140.556000258 66.3934590057 59.9939564842 107.379948193 161.659601784 61.3423910356 57.4225549733 64.214832585 73.4676411678 56.6607530038 143.471470905 186.481118596 127.032737816 126.853143388 161.638700255 51.5281169904 52.7024461785 166.278242987 164.422966623
1451.44569912 1489.32075074 1540.68382955 1534.94150988 1467.14854321 1465.44511833 1504.56678604 1510.53652899 1492.82229826 1529.17966368 1511.48682376 1536.65502485 1537.33504715 1518.7937711 1495.28409986 1533.18464623 1535.78503372 1495.84424297 1503.83371134 1455.12951146 149.720334935 171.304617909 186.638577422 53.8490771549 124.721166668 191.912313883 185.853071888 57.4291481334 109.305551134 132.134018102 67.3405005467 189.415255794 54.531191232 128.18829153 191.855204612 75.0859592602 169.444934478 52.7368568275 86.6891379017 76.7083739651
1479.49489094 1495.6922879 1469.32610702 1459.36981503 1467.65992239 1541.1924353 1497.00885834 1488.07588788 1450.15241612 1494.80261517 1524.59693397 1494.78685788 1529.18962059 1463.91428989 1504.27692768 1480.02536077 1472.77700978 1469.183776 1527.6765841 1465.05075412 170.850395345 88.0994434179 65.5211368614 192.19818539 75.9352424677 159.696702213 189.791884629 95.9165351286 175.947641694 169.564368945 112.739079908 66.6673630415 194.391196519 85.6354287824 187.965272918 74.6243813062 52.3193106906 177.341989536 98.6333870698 56.492908722
1512.25060497 1549.51455813 1540.80701329 1461.82772079 1459.07459356 1495.2984127 1485.83965818 1545.58791486 1536.95327906 1534.74118553 1507.84120278 1537.08994046 1510.96429367 1525.90446735 1515.5220962 1513.90326751 1533.38280618 1496.51640313 1470.26365049 1454.54677635 149.905170502 67.7893339095 199.899073962 171.345546598 170.582465247 189.7587171 64.4883382958 181.057389297 89.3190329184 89.4655412409 129.547556705 120.332556672 145.385245291 181.135126914 73.6606553687 75.0886482728 84.8979291587 194.546139059 94.061648847 108.217443744
1494.21617596 1513.47026171 1487.06817364 1474.10684456 1462.59205223 1499.32710787 1470.31955857 1530.13610321 1486.06292174 1531.06263755 1526.78993878 1450.3622037 1513.11152296 1499.22334822 1479.39364839 1539.6224086 1534.06926881 1498.0469498 1475.72682761 1549.3271831 105.554068334 183.208649205 81.7267845375 87.0482580152 65.3546604336 168.654563421 166.841029519 192.993948642 145.409666607 110.749647098 62.028645279 178.65139306 76.543611638 87.521628284 107.870232981 131.388322082 112.598285284 122.397647937 134.117968934 183.544310507
1462.29800613 1535.7121854 1539.92887944 1545.42227251 1541.00919234 1467.67871684 1535.50984805 1496.30047315 1470.73585024 1482.67334071 1481.44149785 1466.90762065 1466.52320213 1530.17718941 1504.03914436 1454.4914771 1534.55824899 1496.77393148 1519.73392091 1470.19189411 159.965500078 185.40508145 139.721328337 186.931979246 74.0947491341 67.6912582529 139.628881163 133.301656547 126.724557517 181.874832578 169.818876507 66.3179626317 175.824097003 195.589130234 82.2831977718 110.856206822 67.8525623216 78.7813721249 71.4188903889 83.1589548815
1474.27296389 1483.42315526 1498.51183028 1532.36474025 1511.44576649 1529.729137 1452.00114248 1507.78371556 1546.49534177 1522.39948567 1530.94827294 1492.20315706 1497.07108215 1542.76268566 1540.56344604 1508.86678929 1529.15276255 1530.4644463 1537.06506003 1469.78706351 163.381845059 139.542774009 148.485440499 88.4761119066 163.02525654 195.880241821 131.407329896 175.861971559 137.088582837 53.3180223517 144.69484312 165.81408009 120.772738086 171.604698036 64.633885985 158.037249017 179.305733931 95.1499521354 77.0297532466 66.6620111903
1490.44086421 1503.49065049 1532.51662129 1530.52298422 1527.52359431 1459.60891435 1498.42149471 1491.35710091 1473.65659698 1478.73990205 1455.26409858 1515.25863971 1528.61294748 1538.13698696 1508.64157886 1464.54806727 1451.98388144 1530.53491402 1483.90024082 1487.57535055 143.49051779 170.485315187 188.523939561 51.1065622012 185.273868044 176.232570018 186.254636536 142.836987356 143.189874186 93.7712824498 57.8649733432 189.87244299 159.242469547 130.051614616 102.90986622 109.780853266 175.035595253 193.657978186 157.11327242 137.350445493
1463.24414583 1547.38884613 1465.76472741 1517.23919813 1452.60734882 1486.38434589 1542.37114649 1512.57226574 1450.41505392 1549.74707102 1509.21380411 1477.11903022 1525.50280932 1498.54134951 1479.34373014 1474.31819712 1527.74827686 1502.33590028 1508.95579311 1502.99554449 92.8070265196 120.131606055 148.371060102 172.729347613 71.375160557 123.101855869 127.11816113 185.965545228 150.153102225 76.7586485969 186.811976014 101.091268978 75.5146866899 100.23744098 83.588162339 141.281689356 137.452541062 54.0505769541 127.642070564 151.056356693
1513.41100184 1455.40177698 1513.76640981 1533.75497868 1544.77530346 1506.1983423 1532.40052339 1547.24707468 1503.61630263 1537.41127534 1476.06638647 1527.5394409 1483.56179728 1528.42909647 1496.52871199 1459.40063894 1473.10202536 1515.36533382 1485.65591204 1519.25412473 51.9726017676 198.161166662 55.6628821478 166.903440055 170.888378871 188.338136281 107.495011903 120.781237912 131.570791512 82.3564386209 82.6112579452 72.8860239194 136.61100151 129.044106844 71.2115134143 151.134160843 50.6948116844 77.2672137308 104.949128544 98.3288859992
1514.21206436 1485.18579456 1496.54946298 1485.36846864 1451.66419189 1470.59858892 1472.61760449 1480.04319203 1463.83574283 1510.17550768 1534.88709001 1523.76464508 1516.53180158 1505.89817726 1513.3780703 1496.08338428 1491.45964444 1476.8129484 1500.22042454 1485.10058883 156.288095856 175.336066461 166.578757121 81.6056956704 198.157652715 58.6952564152 62.648263928 136.987792149 75.0505845073 62.5126397142 139.66773911 142.103186601 74.0684649517 61.2731842422 114.952455961 183.429903994 69.1533046436 98.2459270889 143.418530042 71.5141246451
1452.01169716 1509.41878428 1539.88428525 1511.21248579 1507.51033467 1510.68469162 1531.89355762 1548.0225328 1455.7999644 1520.60228588 1480.75983021 1493.39449065 1481.91004241 1491.06647857 1543.04176429 1451.9745004 1538.6495146 1510.87260251 1545.66421961 1508.22163902 175.930223631 84.9586238106 83.4503646989 142.965867989 129.108583439 80.4239462472 195.939170911 129.679334752 81.5281508274 63.6737355757 80.6664051611 93.1622249656 63.2573027786 96.8095577631 66.2747226942 157.676739303 81.0929449101 134.395926519 145.794781166 87.231142956
1506.50974244 1474.18284492 1457.96726556 1530.50185951 1510.33806511 1453.97075065 1522.47616056 1518.99365113 1502.05620429 1546.32915909 1484.03645905 1506.02593601 1473.16429703 1472.70343173 1526.18118719 1466.6199387 1492.98966459 1489.59610737 1527.66100171 1485.97316178 80.0939951759 87.110313699 197.403203055 146.830883659 172.181440125 74.1670161715 105.456547525 94.5533035038 89.2966218731 192.492276008 109.434976479 58.7096203354 82.9252504068 81.4725997469 166.550131277 145.974727894 154.63903716 99.6529614565 135.104091827 142.485736998
1455.08273576 1541.03056948 1543.98614988 1530.7428709 1545.88659032 1500.31415958 1480.31344759 1535.54503298 1543.97561637 1484.00310999 1536.17752516 1458.38543057 1466.88201448 1509.62538161 1478.9750229 1492.74240075 1481.70021262 1530.97485852 1509.48005701 1526.51490908 66.9242015451 103.33169955 170.535404443 107.540221824 116.794127988 107.191968152 176.049380986 150.19997111 195.137021649 108.25212554 88.726376266 81.0107297092 165.386165628 77.6864278126 165.076808777 115.058190838 171.507615639 155.626380468 145.521488664 123.532438474
1484.65936406 1489.85670927 1523.3804365 1466.8633119 1470.43149914 1546.80623249 1527.34113041 1488.49474049 1544.93521388 1493.95242937 1505.23300016 1528.41259924 1495.49700794 1534.36947012 1473.77141715 1460.00044831 1500.61502636 1534.0471876 1528.07343698 1502.82244348 183.252243274 59.9132295715 164.583275666 147.610243843 106.494305786 55.3723602143 66.2896940517 58.3362510574 127.124780067 140.384992107 55.8601172737 179.345158173 163.512361338 180.291893607 90.279463144 63.7750309677 128.918788845 183.937630106 124.201032842 81.8624140247
1476.08418433 1485.63658318 1517.72437668 1514.32429114 1461.35442429 1482.04133671 1528.24678001 1535.63156082 1491.14790919 1453.12111444 1454.03489119 1486.97087328 1460.21754408 1502.98441441 1503.77658298 1450.03569247 1475.55036993 1529.30028554 1489.06218495 1547.71282251 143.887069007 160.273091944 111.986323581 139.190737008 52.6870166648 148.725010937 109.143363029 138.875807435 152.4732381 161.869698843 53.2963305517 66.3499624876 166.855934294 191.772008995 116.919912406 86.4827043726 177.666257884 141.502461611 124.835202217 185.763732493
1454.4609271 1491.28455081 1487.13759906 1462.08638606 1464.17407485 1525.48812329 1508.61264832 1482.40962816 1466.57660592 1535.0211231 1531.86754522 1484.49944623 1468.87705943 1515.06375919 1506.81245471 1506.50041825 1493.93440643 1505.0961645 1474.38040649 1508.41597499 116.252451589 114.357673163 63.0761142762 124.447589409 103.14957188 57.7607852348 115.041236079 67.9532345541 168.659124913 156.680589801 154.305379932 53.895205146 52.2090793684 161.513032809 172.397011634 180.131503006 55.3179528587 135.764132446 195.965540761 183.585669361
