50 927
1 2 1 40 0
1 21 1 45 0
1 17 1 31 0
1 12 1 25 0
1 26 1 30 0
1 18 1 35 0
1 5 1 29 0
1 44 1 46 0
1 7 1 50 0
1 1 1 37 0
1 13 1 42 0
1 9 1 10 0
1 15 1 24 0
1 32 1 36 0
1 14 1 47 0
1 3 1 43 0
1 8 1 28 0
1 20 1 34 0
1 22 1 23 0
1 11 1 19 0
1 6 1 27 0
1 38 1 39 0
1 16 1 41 0
1 33 1 49 0
1 4 1 48 0
2 17 1 23 0
2 5 1 6 0
2 38 1 42 0
2 31 1 49 0
2 19 1 30 0
2 7 1 10 0
2 14 1 27 0
2 29 1 32 0
2 37 1 41 0
2 11 1 22 0
2 3 1 33 0
2 4 1 12 0
2 8 1 39 0
2 16 1 40 0
2 1 1 43 0
2 18 1 36 0
2 15 1 34 0
2 28 1 46 0
2 24 1 35 0
2 9 1 47 0
2 13 1 44 0
2 20 1 21 0
2 2 1 26 0
2 25 1 45 0
2 48 1 50 0
3 25 1 39 0
3 46 1 50 0
3 20 1 43 0
3 3 1 44 0
3 21 1 32 0
3 5 1 17 0
3 22 1 28 0
3 23 1 48 0
3 24 1 45 0
3 42 1 49 0
3 4 1 18 0
3 9 1 33 0
3 8 1 38 0
3 11 1 30 0
3 34 1 41 0
3 26 1 31 0
3 12 1 19 0
3 2 1 47 0
3 16 1 35 0
3 10 1 40 0
3 6 1 15 0
3 36 1 37 0
3 7 1 27 0
3 13 1 29 0
3 1 1 14 0
4 9 1 30 0
4 2 1 35 0
4 16 1 42 0
4 19 1 39 0
4 7 1 34 0
4 11 1 12 0
4 8 1 14 0
4 32 1 46 0
4 15 1 44 0
4 26 1 38 0
4 33 1 41 0
4 17 1 24 0
4 22 1 36 0
4 25 1 48 0
4 1 1 23 0
4 28 1 45 0
4 20 1 31 0
4 5 1 13 0
4 47 1 50 0
4 37 1 43 0
4 27 1 49 0
4 6 1 10 0
4 21 1 40 0
4 3 1 29 0
5 15 1 48 0
5 6 1 28 0
5 18 1 34 0
5 1 1 13 0
5 33 1 36 0
5 19 1 20 0
5 10 1 31 0
5 35 1 49 0
5 9 1 21 0
5 3 1 39 0
5 30 1 42 0
5 37 1 46 0
5 38 1 44 0
5 7 1 11 0
5 8 1 26 0
5 12 1 47 0
5 4 1 17 0
5 5 1 23 0
5 41 1 50 0
5 16 1 25 0
5 2 1 27 0
5 22 1 43 0
5 14 1 40 0
5 32 1 45 0
5 24 1 29 0
6 19 1 34 0
6 17 1 30 0
6 31 1 47 0
6 20 1 37 0
6 39 1 44 0
6 2 1 25 0
6 6 1 8 0
6 13 1 27 0
6 7 1 18 0
6 29 1 50 0
6 15 1 38 0
6 14 1 26 0
6 24 1 28 0
6 33 1 46 0
6 9 1 22 0
6 4 1 42 0
6 16 1 21 0
6 3 1 35 0
6 5 1 45 0
6 40 1 43 0
6 41 1 48 0
6 11 1 49 0
6 10 1 36 0
6 12 1 32 0
7 23 1 41 0
7 4 1 15 0
7 22 1 44 0
7 1 1 47 0
7 32 1 43 0
7 3 1 16 0
7 34 1 50 0
7 18 1 30 0
7 2 1 10 0
7 7 1 14 0
7 29 1 40 0
7 21 1 39 0
7 6 1 12 0
7 11 1 28 0
7 37 1 42 0
7 35 1 48 0
7 13 1 38 0
7 9 1 49 0
7 8 1 31 0
7 24 1 33 0
7 36 1 45 0
7 19 1 27 0
7 17 1 26 0
7 5 1 25 0
7 20 1 46 0
8 3 1 37 0
8 17 1 40 0
8 34 1 47 0
8 10 1 50 0
8 20 1 27 0
8 11 1 46 0
8 9 1 45 0
8 1 1 21 0
8 13 1 31 0
8 35 1 41 0
8 6 1 44 0
8 5 1 30 0
8 18 1 33 0
8 2 1 7 0
8 15 1 22 0
8 12 1 38 0
8 39 1 43 0
8 25 1 42 0
8 28 1 48 0
8 14 1 19 0
8 8 1 36 0
8 23 1 32 0
8 24 1 26 0
8 4 1 49 0
8 16 1 29 0
9 7 1 8 0
9 17 1 28 0
9 21 1 38 0
9 5 1 44 0
9 10 1 29 0
9 12 1 15 0
9 4 1 27 0
9 24 1 46 0
9 23 1 30 0
9 16 1 20 0
9 32 1 35 0
9 31 1 41 0
9 33 1 45 0
9 43 1 49 0
9 2 1 3 0
9 19 1 26 0
9 36 1 47 0
9 13 1 50 0
9 6 1 37 0
9 40 1 42 0
9 22 1 48 0
9 1 1 25 0
9 9 1 11 0
9 18 1 39 0
9 14 1 34 0
10 42 1 48 0
10 21 1 34 0
10 18 1 41 0
10 11 1 45 0
10 23 1 26 0
10 25 1 31 0
10 14 1 29 0
10 4 1 44 0
10 27 1 36 0
10 22 1 38 0
10 19 1 40 0
10 9 1 24 0
10 2 1 49 0
10 20 1 47 0
10 1 1 10 0
10 13 1 46 0
10 15 1 16 0
10 3 1 30 0
10 7 1 35 0
10 12 1 37 0
10 6 1 33 0
10 8 1 17 0
10 43 1 50 0
10 5 1 32 0
10 28 1 39 0
11 1 1 33 0
11 8 1 50 0
11 28 1 42 0
11 4 1 10 0
11 15 1 25 0
11 23 1 24 0
11 31 1 46 0
11 2 1 43 0
11 21 1 48 0
11 5 1 20 0
11 14 1 41 0
11 6 1 39 0
11 18 1 45 0
11 17 1 34 0
11 16 1 47 0
11 26 1 32 0
11 9 1 19 0
11 35 1 36 0
11 12 1 13 0
11 29 1 38 0
11 11 1 40 0
11 22 1 30 0
11 37 1 49 0
11 7 1 44 0
11 3 1 27 0
12 7 1 48 0
12 5 1 38 0
12 15 1 26 0
12 37 1 50 0
12 10 1 33 0
12 23 1 34 0
12 30 1 43 0
12 13 1 28 0
12 1 1 18 0
12 19 1 36 0
12 21 1 47 0
12 32 1 42 0
12 46 1 49 0
12 3 1 45 0
12 22 1 27 0
12 8 1 24 0
12 4 1 16 0
12 29 1 41 0
12 2 1 44 0
12 14 1 31 0
12 9 1 35 0
12 11 1 39 0
12 20 1 40 0
12 17 1 25 0
13 10 1 15 0
13 20 1 22 0
13 34 1 40 0
13 13 1 39 0
13 3 1 28 0
13 4 1 47 0
13 2 1 46 0
13 23 1 29 0
13 17 1 19 0
13 18 1 37 0
13 1 1 32 0
13 30 1 48 0
13 7 1 45 0
13 42 1 50 0
13 9 1 41 0
13 31 1 35 0
13 12 1 24 0
13 25 1 33 0
13 26 1 36 0
13 6 1 16 0
13 8 1 44 0
13 11 1 43 0
13 21 1 27 0
13 5 1 49 0
13 14 1 38 0
14 11 1 38 0
14 9 1 17 0
14 7 1 37 0
14 6 1 32 0
14 15 1 29 0
14 8 1 13 0
14 3 1 49 0
14 36 1 42 0
14 19 1 31 0
14 14 1 35 0
14 28 1 41 0
14 23 1 43 0
14 2 1 18 0
14 4 1 34 0
14 33 1 44 0
14 39 1 48 0
14 27 1 50 0
14 22 1 45 0
14 26 1 40 0
14 20 1 25 0
14 1 1 46 0
14 10 1 21 0
14 5 1 16 0
14 12 1 30 0
14 24 1 47 0
15 24 1 49 0
15 8 1 11 0
15 12 1 22 0
15 25 1 28 0
15 5 1 21 0
15 6 1 19 0
15 30 1 32 0
15 40 1 50 0
15 9 1 13 0
15 7 1 41 0
15 2 1 45 0
15 1 1 16 0
15 20 1 23 0
15 26 1 48 0
15 10 1 44 0
15 15 1 47 0
15 4 1 35 0
15 31 1 39 0
15 42 1 43 0
15 3 1 34 0
15 29 1 33 0
15 18 1 46 0
15 27 1 37 0
15 17 1 38 0
15 14 1 36 0
16 28 1 29 0
16 22 1 31 0
16 15 1 21 0
16 4 1 43 0
16 17 1 50 0
16 20 1 33 0
16 23 1 35 0
16 27 1 32 0
16 19 1 38 0
16 16 1 26 0
16 11 1 14 0
16 13 1 30 0
16 5 1 9 0
16 36 1 46 0
16 3 1 24 0
16 39 1 49 0
16 12 1 45 0
16 6 1 40 0
16 8 1 41 0
16 2 1 48 0
16 25 1 47 0
16 37 1 44 0
16 1 1 7 0
16 10 1 42 0
17 1 1 31 0
17 13 1 22 0
17 7 1 36 0
17 33 1 40 0
17 5 1 37 0
17 27 1 29 0
17 11 1 25 0
17 46 1 47 0
17 3 1 23 0
17 16 1 18 0
17 21 1 35 0
17 6 1 24 0
17 19 1 45 0
17 4 1 26 0
17 8 1 20 0
17 17 1 41 0
17 9 1 39 0
17 28 1 34 0
17 14 1 49 0
17 2 1 50 0
17 38 1 43 0
17 12 1 44 0
17 10 1 30 0
17 15 1 42 0
17 32 1 48 0
18 11 1 23 0
18 19 1 22 0
18 16 1 28 0
18 21 1 36 0
18 25 1 44 0
18 12 1 42 0
18 1 1 49 0
18 14 1 50 0
18 24 1 41 0
18 29 1 45 0
18 13 1 18 0
18 8 1 40 0
18 3 1 48 0
18 38 1 47 0
18 34 1 35 0
18 20 1 30 0
18 7 1 33 0
18 43 1 46 0
18 10 1 32 0
18 4 1 5 0
18 9 1 26 0
18 2 1 17 0
18 27 1 39 0
18 15 1 37 0
18 6 1 31 0
19 30 1 38 0
19 42 1 47 0
19 9 1 12 0
19 2 1 31 0
19 22 1 32 0
19 19 1 43 0
19 11 1 33 0
19 5 1 26 0
19 21 1 28 0
19 17 1 46 0
19 25 1 27 0
19 1 1 35 0
19 10 1 37 0
19 48 1 49 0
19 44 1 50 0
19 6 1 41 0
19 15 1 23 0
19 34 1 39 0
19 13 1 24 0
19 4 1 29 0
19 8 1 16 0
19 3 1 20 0
19 14 1 18 0
19 40 1 45 0
20 27 1 48 0
20 23 1 37 0
20 5 1 50 0
20 28 1 35 0
20 2 1 19 0
20 16 1 17 0
20 9 1 36 0
20 34 1 38 0
20 21 1 33 0
20 22 1 47 0
20 20 1 29 0
20 10 1 13 0
20 42 1 46 0
20 7 1 49 0
20 32 1 41 0
20 15 1 40 0
20 14 1 30 0
20 3 1 25 0
20 1 1 26 0
20 44 1 45 0
20 11 1 18 0
20 24 1 39 0
20 4 1 31 0
20 8 1 43 0
21 3 1 22 0
21 11 1 37 0
21 31 1 48 0
21 5 1 27 0
21 28 1 40 0
21 6 1 34 0
21 4 1 7 0
21 19 1 29 0
21 21 1 46 0
21 2 1 33 0
21 10 1 12 0
21 32 1 50 0
21 38 1 49 0
21 1 1 8 0
21 20 1 42 0
21 9 1 44 0
21 16 1 45 0
21 14 1 24 0
21 13 1 35 0
21 15 1 17 0
21 36 1 39 0
21 41 1 43 0
21 23 1 47 0
21 25 1 30 0
21 18 1 26 0
22 29 1 37 0
22 15 1 41 0
22 21 1 22 0
22 3 1 26 0
22 17 1 20 0
22 18 1 32 0
22 2 1 13 0
22 45 1 48 0
22 8 1 23 0
22 6 1 50 0
22 4 1 33 0
22 16 1 49 0
22 35 1 43 0
22 5 1 47 0
22 42 1 44 0
22 1 1 36 0
22 25 1 46 0
22 30 1 31 0
22 12 1 14 0
22 7 1 19 0
22 10 1 38 0
22 24 1 40 0
22 9 1 34 0
22 27 1 28 0
23 6 1 46 0
23 28 1 36 0
23 22 1 34 0
23 12 1 41 0
23 16 1 48 0
23 3 1 40 0
23 9 1 32 0
23 33 1 42 0
23 2 1 38 0
23 5 1 11 0
23 13 1 26 0
23 8 1 35 0
23 30 1 50 0
23 1 1 29 0
23 17 1 27 0
23 43 1 44 0
23 18 1 20 0
23 4 1 25 0
23 19 1 24 0
23 15 1 39 0
23 45 1 49 0
23 7 1 21 0
23 10 1 14 0
23 23 1 31 0
23 37 1 47 0
24 13 1 14 0
24 12 1 46 0
24 15 1 30 0
24 8 1 45 0
24 7 1 40 0
24 35 1 47 0
24 5 1 10 0
24 25 1 36 0
24 39 1 42 0
24 4 1 32 0
24 17 1 48 0
24 18 1 29 0
24 19 1 23 0
24 24 1 44 0
24 27 1 31 0
24 9 1 43 0
24 16 1 37 0
24 26 1 34 0
24 1 1 3 0
24 28 1 50 0
24 21 1 41 0
24 2 1 20 0
24 22 1 49 0
24 6 1 38 0
25 12 1 16 0
25 4 1 11 0
25 25 1 34 0
25 6 1 47 0
25 30 1 37 0
25 7 1 42 0
25 8 1 29 0
25 9 1 20 0
25 23 1 33 0
25 1 1 50 0
25 35 1 38 0
25 10 1 39 0
25 31 1 32 0
25 18 1 28 0
25 41 1 46 0
25 36 1 40 0
25 2 1 15 0
25 17 1 45 0
25 21 1 49 0
25 24 1 27 0
25 43 1 48 0
25 14 1 22 0
25 3 1 19 0
25 26 1 44 0
26 26 1 49 0
26 20 1 36 0
26 14 1 16 0
26 8 1 42 0
26 19 1 35 0
26 6 1 18 0
26 29 1 47 0
26 2 1 23 0
26 31 1 43 0
26 28 1 37 0
26 4 1 41 0
26 38 1 45 0
26 15 1 27 0
26 22 1 33 0
26 17 1 39 0
26 3 1 10 0
26 7 1 24 0
26 1 1 34 0
26 11 1 32 0
26 44 1 48 0
26 9 1 50 0
26 21 1 25 0
26 40 1 46 0
26 5 1 12 0
27 10 1 47 0
27 1 1 28 0
27 11 1 31 0
27 6 1 43 0
27 42 1 45 0
27 27 1 40 0
27 2 1 4 0
27 20 1 26 0
27 18 1 22 0
27 29 1 30 0
27 12 1 35 0
27 36 1 48 0
27 14 1 44 0
27 19 1 33 0
27 16 1 34 0
27 3 1 5 0
27 7 1 32 0
27 15 1 46 0
27 41 1 49 0
27 24 1 38 0
27 21 1 23 0
27 13 1 17 0
27 9 1 25 0
27 37 1 39 0
28 13 1 25 0
28 28 1 30 0
28 1 1 2 0
28 6 1 49 0
28 7 1 26 0
28 27 1 38 0
28 23 1 42 0
28 4 1 46 0
28 19 1 44 0
28 17 1 21 0
28 10 1 48 0
28 41 1 47 0
28 37 1 40 0
28 11 1 16 0
28 34 1 36 0
28 5 1 35 0
28 3 1 18 0
28 33 1 50 0
28 24 1 31 0
28 9 1 29 0
28 12 1 43 0
28 8 1 15 0
28 20 1 45 0
28 32 1 39 0
29 16 1 24 0
29 22 1 50 0
29 35 1 37 0
29 6 1 21 0
29 13 1 32 0
29 26 1 46 0
29 41 1 45 0
29 19 1 28 0
29 39 1 47 0
29 31 1 44 0
29 5 1 18 0
29 9 1 40 0
29 8 1 30 0
29 2 1 12 0
29 11 1 20 0
29 3 1 4 0
29 14 1 42 0
29 17 1 33 0
29 23 1 36 0
29 10 1 34 0
29 15 1 49 0
29 7 1 43 0
29 25 1 38 0
29 29 1 48 0
29 1 1 27 0
30 3 1 7 0
30 11 1 36 0
30 4 1 8 0
30 26 1 35 0
30 19 1 37 0
30 15 1 18 0
30 40 1 44 0
30 1 1 9 0
30 29 1 31 0
30 27 1 30 0
30 14 1 48 0
30 16 1 38 0
30 6 1 45 0
30 10 1 20 0
30 23 1 25 0
30 12 1 21 0
30 13 1 41 0
30 17 1 43 0
30 22 1 24 0
30 28 1 32 0
30 5 1 42 0
30 34 1 46 0
30 39 1 50 0
30 47 1 49 0
31 5 1 40 0
31 21 1 24 0
31 13 1 16 0
31 27 1 45 0
31 28 1 43 0
31 11 1 48 0
31 14 1 46 0
31 22 1 29 0
31 32 1 38 0
31 33 1 47 0
31 12 1 18 0
31 30 1 39 0
31 41 1 42 0
31 34 1 37 0
31 15 1 35 0
31 6 1 36 0
31 8 1 10 0
31 26 1 50 0
31 17 1 44 0
31 9 1 23 0
31 1 1 20 0
31 19 1 25 0
31 3 1 31 0
32 17 1 18 0
32 8 1 21 0
32 25 1 49 0
32 2 1 5 0
32 9 1 37 0
32 3 1 12 0
32 33 1 48 0
32 10 1 45 0
32 16 1 39 0
32 26 1 43 0
32 13 1 15 0
32 44 1 47 0
32 27 1 41 0
32 7 1 46 0
32 36 1 50 0
32 29 1 34 0
32 4 1 20 0
32 28 1 38 0
32 6 1 14 0
32 35 1 40 0
32 24 1 42 0
32 1 1 30 0
32 19 1 32 0
33 18 1 24 0
33 28 1 47 0
33 10 1 17 0
33 30 1 46 0
33 32 1 44 0
33 15 1 43 0
33 20 1 41 0
33 2 1 21 0
33 9 1 27 0
33 23 1 39 0
33 13 1 36 0
33 1 1 48 0
33 16 1 22 0
33 29 1 35 0
33 5 1 34 0
33 31 1 38 0
33 4 1 40 0
33 26 1 37 0
33 11 1 42 0
33 8 1 25 0
33 19 1 49 0
33 6 1 7 0
33 14 1 45 0
33 3 1 50 0
33 12 1 33 0
34 18 1 43 0
34 24 1 36 0
34 12 1 40 0
34 7 1 30 0
34 4 1 19 0
34 17 1 29 0
34 37 1 38 0
34 10 1 26 0
34 9 1 46 0
34 2 1 32 0
34 3 1 6 0
34 34 1 44 0
34 23 1 28 0
34 14 1 39 0
34 15 1 20 0
34 5 1 31 0
34 13 1 49 0
34 1 1 11 0
34 25 1 41 0
34 16 1 33 0
34 27 1 42 0
34 8 1 22 0
34 45 1 50 0
34 47 1 48 0
35 21 1 26 0
35 15 1 36 0
35 11 1 29 0
35 24 1 30 0
35 8 1 49 0
35 2 1 9 0
35 1 1 44 0
35 18 1 38 0
35 45 1 46 0
35 25 1 50 0
35 22 1 42 0
35 27 1 33 0
35 13 1 34 0
35 4 1 37 0
35 3 1 14 0
35 16 1 19 0
35 20 1 32 0
35 5 1 7 0
35 10 1 41 0
35 12 1 48 0
35 40 1 47 0
35 6 1 23 0
35 17 1 35 0
35 28 1 31 0
36 35 1 50 0
36 2 1 6 0
36 12 1 36 0
36 30 1 47 0
36 23 1 38 0
36 34 1 49 0
36 22 1 25 0
36 1 1 41 0
36 15 1 31 0
36 5 1 28 0
36 16 1 44 0
36 10 1 24 0
36 21 1 42 0
36 4 1 9 0
36 3 1 17 0
36 26 1 27 0
36 7 1 29 0
36 39 1 45 0
36 14 1 43 0
36 13 1 37 0
36 19 1 46 0
36 20 1 48 0
36 8 1 18 0
36 32 1 40 0
37 8 1 27 0
37 26 1 47 0
37 13 1 48 0
37 16 1 30 0
37 24 1 43 0
37 7 1 15 0
37 1 1 22 0
37 12 1 20 0
37 21 1 29 0
37 5 1 19 0
37 32 1 34 0
37 3 1 9 0
37 31 1 42 0
37 2 1 39 0
37 11 1 41 0
37 23 1 44 0
37 35 1 45 0
37 33 1 38 0
37 10 1 25 0
37 14 1 28 0
37 36 1 49 0
37 18 1 50 0
37 6 1 17 0
38 18 1 40 0
38 15 1 28 0
38 4 1 21 0
38 6 1 42 0
38 12 1 26 0
38 16 1 31 0
38 13 1 33 0
38 22 1 39 0
38 49 1 50 0
38 10 1 19 0
38 17 1 47 0
38 7 1 38 0
38 5 1 14 0
38 36 1 43 0
38 2 1 24 0
38 34 1 45 0
38 8 1 48 0
38 20 1 35 0
38 30 1 41 0
38 25 1 29 0
38 3 1 46 0
38 11 1 44 0
38 32 1 37 0
38 23 1 27 0
