30 345
1 30 2 1 0
1 21 0 23 1
1 24 2 8 0
1 12 0 10 1
1 13 1 25 1
1 17 2 15 3
1 5 0 27 1
1 9 0 28 0
1 29 1 14 0
1 20 0 16 1
1 7 3 19 1
1 2 2 4 0
1 26 1 22 4
1 3 0 11 1
1 6 3 18 1
2 4 1 5 4
2 14 1 3 0
2 11 2 13 1
2 23 2 28 1
2 19 0 21 0
2 30 2 9 1
2 25 1 12 1
2 1 0 17 1
2 15 1 26 1
2 18 2 29 2
2 22 2 20 2
2 8 1 2 1
2 27 0 7 2
2 16 0 6 0
2 10 1 24 2
3 3 1 18 1
3 13 2 14 1
3 28 1 19 0
3 9 0 23 1
3 29 1 16 1
3 20 1 15 2
3 24 1 25 2
3 12 1 11 3
3 7 1 4 0
3 21 2 27 1
3 2 1 10 0
3 6 1 22 2
3 26 2 1 2
3 5 0 8 0
3 17 0 30 0
4 14 1 12 1
4 4 1 21 1
4 18 0 13 2
4 19 1 23 3
4 1 1 20 1
4 15 1 6 2
4 17 2 9 0
4 30 1 26 1
4 16 0 3 0
4 10 1 5 0
4 22 2 29 2
4 25 0 2 0
4 8 1 7 1
4 27 1 28 1
4 11 0 24 2
5 9 0 19 0
5 21 4 8 1
5 5 3 25 2
5 7 2 10 1
5 29 1 15 1
5 26 1 17 2
5 20 2 30 1
5 2 2 11 2
5 28 2 4 1
5 24 3 14 1
5 13 1 16 5
5 23 1 27 0
5 6 0 1 1
5 3 3 22 3
5 12 2 18 1
6 17 1 20 1
6 16 2 12 0
6 8 0 28 1
6 30 1 6 2
6 15 4 3 0
6 26 2 9 1
6 14 4 2 0
6 4 1 23 1
6 11 1 5 2
6 10 1 21 1
6 22 1 13 0
6 25 1 7 1
6 18 0 24 1
6 1 3 29 3
6 27 0 19 0
7 20 0 26 4
7 23 1 8 1
7 19 0 4 0
7 5 1 14 0
7 13 2 15 2
7 24 4 16 0
7 9 1 27 0
7 6 2 17 0
7 21 2 25 0
7 7 3 11 0
7 29 1 30 0
7 12 2 22 3
7 3 0 1 3
7 28 0 10 0
7 2 1 18 1
8 26 1 6 3
8 11 1 21 1
8 4 1 27 1
8 10 3 23 3
8 1 2 13 0
8 15 1 12 1
8 30 2 3 1
8 22 1 24 0
8 16 0 2 1
8 14 0 7 2
8 8 1 19 0
8 20 3 9 1
8 25 3 28 1
8 18 1 5 2
8 17 2 29 0
9 9 1 4 1
9 27 2 8 1
9 13 2 30 2
9 12 4 1 1
9 23 2 25 1
9 21 2 14 0
9 24 1 15 0
9 19 0 10 0
9 5 1 16 2
9 29 0 26 1
9 7 0 18 0
9 2 1 22 2
9 3 3 17 0
9 28 2 11 0
9 6 2 20 1
10 11 1 23 1
10 26 2 3 0
10 14 1 28 2
10 10 0 27 1
10 15 0 2 0
10 30 0 12 1
10 6 1 9 0
10 18 0 21 0
10 1 1 24 0
10 22 4 5 1
10 25 2 19 0
10 16 1 7 3
10 20 1 29 3
10 8 2 4 1
10 17 2 13 0
11 13 1 26 0
11 19 0 11 0
11 12 0 17 0
11 24 1 30 0
11 2 0 1 1
11 21 2 16 0
11 23 1 14 1
11 4 2 10 1
11 5 1 15 1
11 28 2 18 0
11 7 2 22 0
11 29 1 6 1
11 3 0 20 1
11 9 0 8 0
11 27 0 25 1
12 18 0 23 2
12 16 1 28 1
12 11 2 27 1
12 20 0 13 0
12 14 1 19 3
12 29 5 9 2
12 17 1 24 1
12 30 0 2 1
12 6 2 3 0
12 1 0 5 3
12 22 0 21 0
12 25 1 4 1
12 15 1 7 1
12 26 0 12 0
12 10 2 8 3
13 12 3 20 2
13 9 3 10 1
13 27 0 14 0
13 3 1 29 1
13 23 1 16 1
13 8 2 25 2
13 5 1 30 3
13 19 0 18 0
13 24 3 26 0
13 4 1 11 2
13 21 1 15 0
13 2 2 17 1
13 7 0 1 3
13 13 1 6 0
13 28 0 22 0
14 20 1 24 2
14 18 0 27 2
14 26 0 2 0
14 6 0 12 1
14 15 1 28 0
14 17 1 5 1
14 29 1 13 0
14 1 1 21 2
14 25 2 10 2
14 22 2 23 0
14 11 0 8 0
14 30 2 7 0
14 3 1 9 0
14 16 2 19 0
14 14 3 4 2
15 12 5 29 2
15 5 0 26 0
15 2 0 20 2
15 8 1 14 1
15 27 1 16 1
15 24 0 6 0
15 9 3 25 1
15 23 1 15 1
15 4 2 18 0
15 21 3 30 1
15 7 4 17 0
15 13 0 3 0
15 19 1 22 1
15 28 2 1 1
15 10 0 11 1
16 3 0 12 1
16 11 0 25 0
16 6 2 2 1
16 22 1 27 1
16 29 1 24 1
16 20 0 5 1
16 14 0 10 0
16 16 3 4 0
16 18 0 8 0
16 15 3 19 1
16 17 3 21 0
16 13 3 9 0
16 26 0 7 1
16 1 1 23 3
16 30 2 28 2
17 24 3 3 0
17 5 1 6 2
17 19 3 1 1
17 10 2 18 1
17 7 2 20 1
17 4 1 22 5
17 21 2 26 1
17 8 1 16 2
17 25 3 14 2
17 28 0 17 0
17 23 0 30 0
17 27 0 15 1
17 12 2 13 0
17 9 1 11 2
17 2 1 29 2
18 1 0 27 0
18 12 2 9 1
18 26 0 28 1
18 22 3 8 1
18 29 0 5 0
18 15 2 4 0
18 30 0 19 2
18 17 0 23 1
18 13 1 24 1
18 20 2 21 1
18 14 1 11 0
18 16 0 10 1
18 6 0 7 1
18 18 0 25 0
18 3 3 2 2
19 4 2 1 1
19 27 2 30 1
19 2 0 13 0
19 11 1 18 0
19 24 1 12 0
19 23 1 26 1
19 8 0 15 1
19 19 2 17 0
19 21 0 6 0
19 9 3 14 3
19 7 3 29 4
19 28 0 20 1
19 5 4 3 1
19 25 1 16 1
19 10 0 22 1
20 26 0 19 0
20 6 1 28 0
20 15 1 10 0
20 18 3 14 0
20 13 1 5 2
20 1 1 8 1
20 29 1 21 2
20 16 0 11 0
20 24 2 9 1
20 12 4 2 2
20 30 2 4 2
20 17 0 27 0
20 3 1 7 2
20 22 0 25 1
20 20 3 23 1
21 4 1 17 1
21 5 1 12 0
21 19 0 20 1
21 21 2 3 1
21 8 0 30 0
21 25 1 15 1
21 2 2 24 3
21 9 0 18 1
21 14 0 16 0
21 23 3 6 1
21 28 2 29 1
21 7 2 13 0
21 11 2 22 1
21 10 4 1 0
21 27 0 26 0
22 2 4 9 0
22 20 0 27 0
22 1 2 25 0
22 12 1 7 2
22 17 0 8 1
22 30 2 10 1
22 3 2 28 0
22 13 0 21 1
22 24 0 5 0
22 26 0 4 1
22 22 1 14 1
22 29 0 23 1
22 15 1 11 1
22 6 0 19 0
22 16 1 18 0
23 28 2 13 1
23 5 1 2 1
23 9 1 16 3
23 23 1 3 0
23 8 0 26 1
23 14 1 15 1
23 10 1 17 0
23 27 2 6 1
23 18 1 22 4
23 25 3 30 1
23 7 0 24 1
23 19 0 29 0
23 21 2 12 0
23 4 2 20 4
23 11 2 1 1
