30 230
1 30 2 1 0
1 23 1 21 0
1 24 2 8 0
1 10 1 12 0
1 15 3 17 2
1 27 1 5 0
1 29 1 14 0
1 16 1 20 0
1 7 3 19 1
1 2 2 4 0
1 22 4 26 1
1 11 1 3 0
1 6 3 18 1
2 5 4 4 1
2 14 1 3 0
2 11 2 13 1
2 23 2 28 1
2 30 2 9 1
2 17 1 1 0
2 7 2 27 0
2 24 2 10 1
3 13 2 14 1
3 28 1 19 0
3 23 1 9 0
3 15 2 20 1
3 25 2 24 1
3 11 3 12 1
3 7 1 4 0
3 21 2 27 1
3 2 1 10 0
3 22 2 6 1
4 13 2 18 0
4 23 3 19 1
4 6 2 15 1
4 17 2 9 0
4 10 1 5 0
4 24 2 11 0
5 21 4 8 1
5 5 3 25 2
5 7 2 10 1
5 17 2 26 1
5 20 2 30 1
5 28 2 4 1
5 24 3 14 1
5 16 5 13 1
5 23 1 27 0
5 1 1 6 0
5 12 2 18 1
6 16 2 12 0
6 28 1 8 0
6 6 2 30 1
6 15 4 3 0
6 26 2 9 1
6 14 4 2 0
6 5 2 11 1
6 22 1 13 0
6 24 1 18 0
7 26 4 20 0
7 5 1 14 0
7 24 4 16 0
7 9 1 27 0
7 6 2 17 0
7 21 2 25 0
7 7 3 11 0
7 29 1 30 0
7 22 3 12 2
7 1 3 3 0
8 6 3 26 1
8 1 2 13 0
8 30 2 3 1
8 22 1 24 0
8 2 1 16 0
8 7 2 14 0
8 8 1 19 0
8 20 3 9 1
8 25 3 28 1
8 5 2 18 1
8 17 2 29 0
9 27 2 8 1
9 12 4 1 1
9 23 2 25 1
9 21 2 14 0
9 24 1 15 0
9 16 2 5 1
9 26 1 29 0
9 22 2 2 1
9 3 3 17 0
9 28 2 11 0
9 6 2 20 1
10 26 2 3 0
10 28 2 14 1
10 27 1 10 0
10 12 1 30 0
10 6 1 9 0
10 22 4 5 1
10 25 2 19 0
10 7 3 16 1
10 29 3 20 1
10 8 2 4 1
10 17 2 13 0
11 13 1 26 0
11 24 1 30 0
11 1 1 2 0
11 21 2 16 0
11 4 2 10 1
11 28 2 18 0
11 7 2 22 0
11 20 1 3 0
11 25 1 27 0
12 23 2 18 0
12 11 2 27 1
12 19 3 14 1
12 29 5 9 2
12 2 1 30 0
12 6 2 3 0
12 5 3 1 0
12 8 3 10 2
13 12 3 20 2
13 9 3 10 1
13 30 3 5 1
13 24 3 26 0
13 11 2 4 1
13 21 1 15 0
13 2 2 17 1
13 1 3 7 0
13 13 1 6 0
14 24 2 20 1
14 27 2 18 0
14 12 1 6 0
14 15 1 28 0
14 29 1 13 0
14 21 2 1 1
14 22 2 23 0
14 30 2 7 0
14 3 1 9 0
14 16 2 19 0
14 14 3 4 2
15 12 5 29 2
15 20 2 2 0
15 9 3 25 1
15 4 2 18 0
15 21 3 30 1
15 7 4 17 0
15 28 2 1 1
15 11 1 10 0
16 12 1 3 0
16 6 2 2 1
16 5 1 20 0
16 16 3 4 0
16 15 3 19 1
16 17 3 21 0
16 13 3 9 0
16 7 1 26 0
16 23 3 1 1
17 24 3 3 0
17 6 2 5 1
17 19 3 1 1
17 10 2 18 1
17 7 2 20 1
17 22 5 4 1
17 21 2 26 1
17 16 2 8 1
17 25 3 14 2
17 15 1 27 0
17 12 2 13 0
17 11 2 9 1
17 29 2 2 1
18 12 2 9 1
18 28 1 26 0
18 22 3 8 1
18 15 2 4 0
18 19 2 30 0
18 23 1 17 0
18 20 2 21 1
18 14 1 11 0
18 10 1 16 0
18 7 1 6 0
18 3 3 2 2
19 4 2 1 1
19 27 2 30 1
19 11 1 18 0
19 24 1 12 0
19 15 1 8 0
19 19 2 17 0
19 29 4 7 3
19 20 1 28 0
19 5 4 3 1
19 22 1 10 0
20 6 1 28 0
20 15 1 10 0
20 18 3 14 0
20 5 2 13 1
20 21 2 29 1
20 24 2 9 1
20 12 4 2 2
20 7 2 3 1
20 25 1 22 0
20 20 3 23 1
21 5 1 12 0
21 20 1 19 0
21 21 2 3 1
21 24 3 2 2
21 18 1 9 0
21 23 3 6 1
21 28 2 29 1
21 7 2 13 0
21 11 2 22 1
21 10 4 1 0
22 2 4 9 0
22 1 2 25 0
22 7 2 12 1
22 8 1 17 0
22 30 2 10 1
22 3 2 28 0
22 21 1 13 0
22 4 1 26 0
22 23 1 29 0
22 16 1 18 0
23 28 2 13 1
23 16 3 9 1
23 23 1 3 0
23 26 1 8 0
23 10 1 17 0
23 27 2 6 1
23 22 4 18 1
23 25 3 30 1
23 24 1 7 0
23 21 2 12 0
23 20 4 4 2
23 11 2 1 1
