64 55
1 1 3 2 1
1 3 1 4 0
1 2 4 4 0
1 1 4 4 1
1 3 3 2 1
1 6 5 5 1
1 7 3 8 1
1 7 2 5 0
1 6 3 8 2
1 5 3 8 0
1 6 2 7 0
1 9 3 10 0
1 11 2 12 1
1 9 2 11 1
1 9 4 12 1
1 10 2 11 1
1 14 3 13 1
1 16 2 15 1
1 13 2 15 1
1 14 1 16 0
1 13 1 16 0
1 17 2 18 1
1 19 3 20 0
1 19 5 17 2
1 18 2 20 1
1 17 3 20 0
1 21 2 22 1
1 21 1 23 0
1 24 1 22 0
1 21 3 24 2
1 22 3 23 1
1 25 4 26 0
1 28 2 27 1
1 25 1 28 0
1 26 2 27 1
1 29 2 30 1
1 29 1 31 0
1 30 4 32 2
1 29 1 32 0
1 1 3 7 2
1 9 2 13 0
1 6 2 3 1
1 14 5 10 3
1 19 2 24 0
1 25 2 30 1
1 21 1 17 0
1 29 2 28 1
1 1 2 9 1
1 25 1 19 0
1 6 4 14 3
1 21 1 29 0
1 25 7 1 1
1 21 4 6 2
1 6 3 1 0
1 25 1 21 0
