10 0.755336 0.775628
11 0.632341 0.799587
12 0.674409 0.69455
13 0.727485 0.747649
14 0.674003 0.768844
15 0.66793 0.687969
16 0.710774 0.730868
17 0.695843 0.749941
18 0.664507 0.764039
19 0.699634 0.719684
20 0.705167 0.736775
21 0.67143 0.749279
22 0.691676 0.711697
23 0.700435 0.726742
24 0.680595 0.739073
25 0.685708 0.705707
26 0.696309 0.719883
27 0.686098 0.730736
28 0.684028 0.74065
29 0.693068 0.714252
30 0.687703 0.723994
31 0.684458 0.732503
32 0.688736 0.709502
33 0.691922 0.718715
34 0.686425 0.726979
35 0.689483 0.735265
36 0.69199 0.71414
37 0.688803 0.722062
38 0.690108 0.729657
39 0.692398 0.710371
40 0.689104 0.717816
41 0.689305 0.724115
42 0.689495 0.70708
43 0.688727 0.714229
44 0.690164 0.720896
45 0.688504 0.72711
46 0.689586 0.711081
47 0.690042 0.717199
48 0.689341 0.723239
49 0.689782 0.708219
50 0.689933 0.714259
51 0.687944 0.719976
52 0.689693 0.725399
53 0.689837 0.71136
54 0.688466 0.716945
55 0.690109 0.721993
56 0.689267 0.709015
57 0.68798 0.713822
58 0.691181 0.718733
59 0.688756 0.706874
60 0.688447 0.71185
61 0.689703 0.71662
62 0.68917 0.72065
63 0.687793 0.709513
64 0.689846 0.714022
65 0.689753 0.718388
66 0.688841 0.707676
67 0.688967 0.711723
68 0.690084 0.715573
69 0.689012 0.720464
70 0.689323 0.710135
71 0.689816 0.714223
72 0.689357 0.717769
73 0.688909 0.708076
74 0.690483 0.712268
75 0.689853 0.716123
76 0.688528 0.719816
77 0.690571 0.710514
78 0.689791 0.713233
79 0.688518 0.717473
80 0.68964 0.708831
81 0.690067 0.712425
82 0.688509 0.715776
83 0.689752 0.70731
84 0.690163 0.710747
85 0.688818 0.714206
86 0.689229 0.717503
87 0.690252 0.709184
88 0.688339 0.711432
89 0.689045 0.715671
90 0.690185 0.70756
91 0.688337 0.711027
92 0.689606 0.714064
93 0.690268 0.717045
94 0.688335 0.709014
95 0.689563 0.712528
96 0.690485 0.715433
97 0.689166 0.708106
98 0.688698 0.711264
99 0.689873 0.71427
100 0.689004 0.706638
