5 0.627222 0.635608
6 0.779882 0.788089
7 0.543907 0.551367
8 0.662157 0.669975
9 0.603474 0.749994
10 0.597751 0.605286
11 0.675427 0.683157
12 0.557132 0.564484
13 0.624618 0.632196
14 0.682422 0.690128
15 0.588621 0.596071
16 0.640722 0.648328
17 0.634161 0.687474
18 0.609058 0.616567
19 0.651453 0.659077
20 0.594192 0.683938
21 0.623392 0.63094
22 0.657686 0.666562
23 0.600547 0.608023
24 0.634002 0.641576
25 0.633152 0.666569
26 0.613001 0.620515
27 0.642171 0.649766
28 0.624416 0.666647
29 0.622803 0.630346
30 0.642792 0.655157
